camera: 0,0,-170 0,0,0
plane: 0,0,40 0,0,-1 0,255,255
plane: 0,-30,0 0,1,0 0,0,255
plane: 0,30,0 0,-1,0 0,0,255
sphere: -30,-30,0 0,0,0 255,255,0 10
sphere: 30,-30,0 0,0,0 255,255,0 10
sphere: -30,30,0 0,0,0 255,255,0 10
sphere: 30,30,0 0,0,0 255,255,0 10
sphere: -30,-30,-70 0,0,0 255,255,0 10
sphere: 30,-30,-70 0,0,0 255,255,0 10
sphere: -30,30,-70 0,0,0 255,255,0 10
sphere: 30,30,-70 0,0,0 255,255,0 10
sphere: 0,-20,-50 0,0,0 255,0,0 6
cylinder: -30,0,0 0,1,0 221,221,221 6
cylinder: 30,0,0 0,1,0 221,221,221 6
cylinder: -30,0,-70 0,1,0 221,221,221 6
cylinder: 30,0,-70 0,1,0 221,221,221 6
light: 80,20,-150 50
light: -80,20,-150 50
ambient: 10